2.992391586303711,5741.2269115448,5632.1165561676025,5667.380332946777
