1.9943714141845703,5652.052164077759,5625.882148742676,5653.073787689209
